1.00000000000000000000
0.70710678118654757274
0.61237243569579458136
0.55901699437494745126
0.52291251658379722667
0.49607837082461070377
0.47495887979908318899
0.45768182862115025511
0.44314852502786800104
0.43066295528485781796
0.41975832570891674633
0.41010741896821784058
0.40147261151570617921
0.39367628467146947857
0.38658243724628410520
0.38008479066435679750
0.37409882931040955301
0.36855631802930521879
0.36340143033780086812
0.35858795383485186914
0.35407723397527157694
0.34983663508512718998
0.34583837080250073859
0.34205860298727097657
0.33847673880709544525
0.33507487619816705982
0.33183736185586876211
0.32875043558184147141
0.32580194162248049539
0.32298109249677386945
0.32027827433119687717
0.31768488529853111668
0.31519320066899730870
0.31279625941385652554
0.31048776838466179973
0.30826202091814292050
0.30611382735335401772
0.30403845544190821748
0.30203157901866450885
0.30008923360473238606
0.29820777785615720790
0.29638385996439842174
0.29461438826948577185
0.29289650547172768613
0.29122756592933146669
0.28960511561212215481
0.28802687434947626954
0.28649072006656239875
0.28499467474930662014
0.28353689191701020311
0.28211564541368266967
0.28072931935608003151
0.27937639909908112967
0.27805546309814532790
0.27676517556477825410
0.27550427982468267407
0.27427159229999220624
0.27306599704700534881
0.27188644078942858506
0.27073192839452553393
0.26960151874593862864
0.26849432097245556905
0.26740949099676669665
0.26634622837240296001
0.26530377338065724846
0.26428140436244140776
0.26327843526278837949
0.26229421336812630550
0.26132811721857285292
0.26037955467936774179
0.25944796115720936136
0.25853279794871625308
0.25763355070952492776
0.25674972803367723806
0.25588086013396649232
0.25502649761481488433
0.25418621033006022492
0.25335958631874827551
0.25254623081267063567
0.25174576530996273238
0.25095782670959271288
0.25018206650203589358
0.24941815001184530765
0.24866575568820489806
0.24792457443988963339
0.24719430901136271728
0.24647467339701562006
0.24576539229080693327
0.24506620056878242186
0.24437684280216367960
0.24369707279887989348
0.24302665317158619884
0.24236535493036698297
0.24171295709846293831
0.24106924634948895259
0.24043401666472699607
0.23980706900918541402
0.23918821102521403699
0.23857725674255353399
0.23797402630378089450
0.23737834570418683833
0.23679004654519156259
0.23620896580046779611
0.23563494559399952855
0.23506783298935790549
0.23450747978952607431
0.23395374234665008983
0.23340648138113551102
0.23286556180954798290
0.23233085258081295765
0.23180222652024162766
0.23127956018094275592
0.23076273370220723447
0.23025163067447945719
0.22974613801055401852
0.22924614582265895324
0.22875154730510813272
0.22826223862222480565
0.22777811880125697908
0.22729908963002218303
0.22682505555903476058
0.22635592360788436839
0.22589160327564725139
0.22543200645512539992
0.22497704735072038273
0.22452664239975997362
0.22408071019710601446
0.22363917142288217144
0.22320194877316859583
0.22276896689352021497
0.22234015231517220701
0.22191543339380473410
0.22149474025074541994
0.22107800471649499685
0.22066516027646768117
0.22025614201884349819
0.21985088658443560639
0.21944933211848055565
0.21905141822426418829
0.21865708591850080422
0.21826627758838687554
0.21787893695025550844
0.21749500900976073692
0.21711444002352489613
0.21673717746218545965
0.21636316997478102775
0.21599236735441912360
0.21562472050517103583
0.21526018141014208185
0.21489870310066788717
0.21454023962658966274
0.21418474602756382152
0.21383217830536335735
0.21348249339713049055
0.21313564914954183371
0.21279160429384932907
0.21245031842176187453
0.21211175196213405414
0.21177586615843016493
0.21144262304693278720
0.21111198543566703223
0.21078391688401262871
0.21045838168297714699
0.21013534483610510351
0.20981477204099874267
0.20949662967142723691
0.20918088476000198939
0.20886750498139711185
0.20855645863609470481
0.20824771463463534471
0.20794124248235540398
0.20763701226459319038
0.20733499463234711380
0.20703516078836933789
0.20673748247367923492
0.20644193195448196088
0.20614848200947721857
0.20585710591754494136
0.20556777744579438072
0.20528047083796391314
0.20499516080315949296
0.20471182250491989918
0.20443043155059770211
0.20415096398104501385
0.20387339626059380882
0.20359770526732062779
0.20332386828358650632
0.20305186298684244073
0.20278166744069189842
0.20251326008620171293
0.20224661973345325894
0.20198172555332605249
0.20171855706950600484
0.20145709415071144655
0.20119731700312948330
0.20093920616305610549
0.20068274248973377860
0.20042790715837977000
0.20017468165339966091
0.19992304776177982628
0.19967298756665358139
0.19942448344103552715
0.19917751804171870966
0.19893207430332982000
0.19868813543253738274
0.19844568490240846459
0.19820470644690918460
0.19796518405554491826
0.19772710196813572670
0.19749044466972323630
0.19725519688560480547
0.19702134357649142560
0.19678886993378547077
0.19655776137497510403
0.19632800353914151015
0.19609958228257606816
0.19587248367450410536
0.19564669399291201302
0.19542219972047514265
0.19519898754058320756
0.19497704433346055297
0.19475635717237885225
0.19453691331995923153
0.19431870022456157465
0.19410170551675851036
0.19388591700589169475
0.19367132267670808532
0.19345791068607412488
0.19324566935976569826
0.19303458718933150240
0.19282465282902830350
0.19261585509282566631
0.19240818295147865680
0.19220162552966646441
0.19199617210319533389
0.19179181209626383620
0.19158853507878920164
0.19138633076379285569
0.19118518900484363088
0.19098509979355715593
0.19078605325715000673
0.19058803965604720343
0.19039104938154149949
0.19019507295350346343
0.19000010101814074348
0.18980612434580532155
0.18961313382884767420
0.18942112047951656373
0.18923007542790329372
0.18903998991992931877
0.18885085531537612602
0.18866266308595636136
0.18847540481342522911
0.18828907218773097143
0.18810365700520365051
0.18791915116678128972
0.18773554667627231907
0.18755283563865365881
0.18737101025840333102
0.18719006283786684963
0.18700998577565683401
0.18683077156508462457
0.18665241279262337337
0.18647490213640191548
0.18629823236472847769
0.18612239633464386368
0.18594738699050286646
0.18577319736258393612
0.18559982056572590925
0.18542724979799141138
0.18525547833935615549
0.18508449955042385882
0.18491430687116575116
0.18474489381968450807
0.18457625399100177632
0.18440838105586881968
0.18424126875959997984
0.18407491092092806428
0.18390930143088146664
0.18374443425168232591
0.18358030341566555776
0.18341690302421781444
0.18325422724673645636
0.18309227031960764731
0.18293102654520354555
0.18277049029089775800
0.18261065598809908539
0.18245151813130275342
0.18229307127715915771
0.18213531004355931753
0.18197822910873703850
0.18182182321038725670
0.18166608714480023123
0.18151101576601114118
0.18135660398496514234
0.18120284676869699569
0.18104973913952548958
0.18089727617426190620
0.18074545300343258791
0.18059426481051515934
0.18044370683118798881
0.18029377435259286155
0.18014446271261044807
0.17999576729914826267
0.17984768354944108415
0.17970020694936331140
0.17955333303275305967
0.17940705738074794184
0.17926137562113217405
0.17911628342769467248
0.17897177651959811362
0.17882785066075865266
0.17868450165923596695
0.17854172536663376336
0.17839951767751000000
0.17825787452879729433
0.17811679189923268485
0.17797626580879691294
0.17783629231816303062
0.17769686752815411213
0.17755798757920970843
0.17741964865086118364
0.17728184696121546127
0.17714457876644737477
0.17700784036030006718
0.17687162807359352312
0.17673593827374103893
0.17660076736427340882
0.17646611178437077161
0.17633196800840192364
0.17619833254547101475
0.17606520193897126636
0.17593257276614593376
0.17580044163765612408
0.17566880519715544207
0.17553766012087115844
0.17540700311719217841
0.17527683092626317185
0.17514714031958522611
0.17501792809962249398
0.17488919109941511443
0.17476092618219793429
0.17463313024102511406
0.17450580019840061796
0.17437893300591411627
0.17425252564388263310
0.17412657512099755097
0.17400107847397688898
0.17387603276722299328
0.17375143509248522355
0.17362728256852777431
0.17350357234080251989
0.17338030158112655021
0.17325746748736475800
0.17313506728311692240
0.17301309821740951111
0.17289155756439206213
0.17277044262303806188
0.17264975071684995900
0.17252947919356881323
0.17240962542488805220
0.17229018680617128045
0.17217116075617441839
0.17205254471677164374
0.17193433615268541304
0.17181653255122028567
0.17169913142200066147
0.17158213029671218197
0.17146552672884690649
0.17134931829345198540
0.17123350258688210812
0.17111807722655519859
0.17100303985071180213
0.17088838811817766428
0.17077411970812977904
0.17066023231986568454
0.17054672367257589505
0.17043359150511960820
0.17032083357580349303
0.17020844766216355892
0.17009643156074993886
0.16998478308691480909
0.16987350007460308432
0.16976258037614608276
0.16965202186205788348
0.16954182242083462584
0.16943197995875641793
0.16932249239969193733
0.16921335768490577967
0.16910457377286830516
0.16899613863906809419
0.16888805027582684537
0.16878030669211693815
0.16867290591338116035
0.16856584598135512798
0.16845912495389181451
0.16835274090478860587
0.16824669192361652037
0.16814097611555170464
0.16803559160120917770
0.16793053651647874003
0.16782580901236304749
0.16772140725481773926
0.16761732942459378615
0.16751357371708164301
0.16741013834215778822
0.16730702152403284511
0.16720422150110197945
0.16710173652579701775
0.16699956486444061943
0.16689770479710219764
0.16679615461745567195
0.16669491263263921943
0.16659397716311658000
0.16649334654254024923
0.16639301911761636421
0.16629299324797128246
0.16619326730601993725
0.16609383967683566397
0.16599470875802188607
0.16589587295958516111
0.16579733070381000304
0.16569908042513520341
0.16560112057003165131
0.16550344959688167989
0.16540606597585993942
0.16530896818881574140
0.16521215472915676270
0.16511562410173430404
0.16501937482272979740
0.16492340541954289557
0.16482771443068075512
0.16473230040564873500
0.16463716190484248281
0.16454229749944113137
0.16444770577130199407
0.16435338531285648145
0.16425933472700712801
0.16416555262702609008
0.16407203763645461514
0.16397878838900384335
0.16388580352845685817
0.16379308170857170834
0.16370062159298573445
0.16360842185512097791
0.16351648117809067240
0.16342479825460695664
0.16333337178688941971
0.16324220048657503424
0.16315128307462894997
0.16306061828125636981
0.16297020484581539734
0.16288004151673102227
0.16279012705141002182
0.16270046021615680587
0.16261103978609034448
0.16252186454506192814
0.16243293328557403821
0.16234424480869996676
0.16225579792400440793
0.16216759144946507609
0.16207962421139504583
0.16199189504436611875
0.16190440279113291200
0.16181714630255800147
0.16173012443753764789
0.16164333606292866086
0.16155678005347581805
0.16147045529174028355
0.16138436066802872015
0.16129849508032326200
0.16121285743421220893
0.16112744664282152574
0.16104226162674714629
0.16095730131398786056
0.16087256463987920085
0.16078805054702782762
0.16070375798524672017
0.16061968591149120011
0.16053583328979539879
0.16045219909120964075
0.16036878229373846549
0.16028558188227917669
0.16020259684856130722
0.16011982619108652837
0.16003726891506930841
0.15995492403237823731
0.15987279056147782330
0.15979086752737123311
0.15970915396154322652
0.15962764890190409006
0.15954635139273393163
0.15946526048462764114
0.15938437523444046184
0.15930369470523411679
0.15922321796622346257
0.15914294409272383701
0.15906287216609882318
0.15898300127370859625
0.15890333050885893651
0.15882385897075051995
0.15874458576442904145
0.15866551000073567113
0.15858663079625806569
0.15850794727328187950
0.15842945855974285840
0.15835116378917932223
0.15827306210068520231
0.15819515263886352319
0.15811743455378046708
0.15803990700091977151
0.15796256914113768199
0.15788542014061834884
0.15780845917082964025
0.15773168540847951058
0.15765509803547267387
0.15757869623886783250
0.15750247921083534997
0.15742644614861514563
0.15735059625447533893
0.15727492873567106013
0.15719944280440376061
0.15712413767778093954
0.15704901257777628687
0.15697406673119015941
0.15689929936961058421
0.15682470972937445630
0.15675029705152931925
0.15667606058179539552
0.15660199957052806097
0.15652811327268062458
0.15645440094776755235
0.15638086185982805199
0.15630749527738990734
0.15623430047343381255
0.15616127672535798365
0.15608842331494307554
0.15601573952831751524
0.15594322465592322380
0.15587087799248142139
0.15579869883695912636
0.15572668649253568196
0.15565484026656972727
0.15558315947056652884
0.15551164342014556219
0.15544029143500839862
0.15536910283890689732
0.15529807695961181380
0.15522721312888154710
0.15515651068243127564
0.15508596895990245379
0.15501558730483239179
0.15494536506462430747
0.15487530159051771106
0.15480539623755878997
0.15473564836457137650
0.15466605733412802648
0.15459662251252140330
0.15452734326973593948
0.15445821897941977574
0.15438924901885697771
0.15432043276893989137
0.15425176961414194254
0.15418325894249057528
0.15411490014554043992
0.15404669261834683103
0.15397863575943948611
0.15391072897079646764
0.15384297165781835037
0.15377536322930271395
0.15370790309741874657
0.15364059067768218170
0.15357342538893037354
0.15350640665329773338
0.15343953389619124916
0.15337280654626633813
0.15330622403540283827
0.15323978579868124950
0.15317349127435925249
0.15310733990384828296
0.15304133113169052227
0.15297546440553591585
0.15290973917611949684
0.15284415489723893189
0.15277871102573215012
0.15271340702145533297
0.15264824234726093177
0.15258321646897607393
0.15251832885538094131
0.15245357897818756499
0.15238896631201859222
0.15232449033438649755
0.15226015052567271058
0.15219594636910707686
0.15213187735074748530
0.15206794295945966211
0.15200414268689715902
0.15194047602748145254
0.15187694247838234851
0.15181354153949841446
0.15175027271343766166
0.15168713550549839386
0.15162412942365019464
0.15156125397851508141
0.15149850868334890919
0.15143589305402277434
0.15137340660900472367
0.15131104886934154674
0.15124881935864079030
0.15118671760305277263
0.15112474313125301428
0.15106289547442455778
0.15100117416624059263
0.15093957874284719134
0.15087810874284615648
0.15081676370727808978
0.15075554317960554451
0.15069444670569634437
0.15063347383380698563
0.15057262411456631690
0.15051189710095924656
0.15045129234831058906
0.15039080941426907767
0.15033044785879154381
0.15027020724412717967
0.15021008713480191177
0.15015008709760294114
0.15009020670156347776
0.15003044551794750272
0.14997080312023466919
0.14991127908410536995
0.14985187298742594364
0.14979258441023388104
0.14973341293472336444
0.14967435814523069593
0.14961541962822003105
0.14955659697226916793
0.14949788976805536422
0.14943929760834143150
0.14938082008796177425
0.14932245680380873409
0.14926420735481885083
0.14920607134195940091
0.14914804836821488054
0.14909013803857382174
0.14903233996001544193
0.14897465374149665429
0.14891707899393902270
0.14885961533021591086
0.14880226236513960369
0.14874501971544876189
0.14868788699979573753
0.14863086383873416740
0.14857394985470653848
0.14851714467203194769
0.14846044791689388953
0.14840385921732826557
0.14834737820321128310
0.14829100450624760343
0.14823473775995860136
0.14817857759967059672
0.14812252366250328039
0.14806657558735819569
0.14801073301490730305
0.14795499558758165581
0.14789936294956015916
0.14784383474675838466
0.14778841062681757901
0.14773309023909356186
0.14767787323464595661
0.14762275926622728250
0.14756774798827232420
0.14751283905688739040
0.14745803212983979447
0.14740332686654744609
0.14734872292806835969
0.14729421997709035708
0.14723981767792090891
0.14718551569647686517
0.14713131370027451861
0.14707721135841950177
0.14702320834159685048
0.14696930432206126160
0.14691549897362726762
0.14686179197165949439
0.14680818299306311325
0.14675467171627429308
0.14670125782125068015
0.14664794098946201673
0.14659472090388087073
0.14654159724897328210
0.14648856971068957566
0.14643563797645539615
0.14638280173516246552
0.14633006067715972898
0.14627741449424438991
0.14622486287965305585
0.14617240552805296772
0.14612004213553336784
0.14606777239959675696
0.14601559601915031772
0.14596351269449739374
0.14591152212732910742
0.14585962402071592225
0.14580781807909928838
0.14575610400828345470
0.14570448151542711446
0.14565295030903543938
0.14560151009895186403
0.14555016059635017545
0.14549890151372640856
0.14544773256489107460
0.14539665346496122300
0.14534566393035272536
0.14529476367877244836
0.14524395242921067650
0.14519322990193342382
0.14514259581847493985
0.14509204990163010462
0.14504159187544707343
0.14499122146521981058
0.14494093839748076191
0.14489074239999358285
0.14484063320174589418
0.14479061053294206562
0.14474067412499611041
0.14469082371052460756
0.14464105902333965203
0.14459137979844188804
0.14454178577201357014
0.14449227668141165215
0.14444285226516104248
0.14439351226294774855
0.14434425641561218767
0.14429508446514241471
0.14424599615466759950
0.14419699122845136552
0.14414806943188526733
0.14409923051148229578
0.14405047421487041093
0.14400180029078618604
0.14395320848906839606
0.14390469856065171705
0.14385627025756042574
0.14380792333290226548
0.14375965754086220127
0.14371147263669623029
0.14366336837672541438
0.14361534451832971837
0.14356740081994204261
0.14351953704104225551
0.14347175294215128161
0.14342404828482516188
0.14337642283164930834
0.14332887634623259210
0.14328140859320162570
0.14323401933819510101
0.14318670834785798829
0.14313947538983598506
0.14309232023276988177
0.14304524264629001062
0.14299824240101069450
0.14295131926852475135
0.14290447302139805408
0.14285770343316414599
0.14281101027831882844
0.14276439333231485951
0.14271785237155656945
0.14267138717339472587
0.14262499751612114918
0.14257868317896360555
0.14253244394208067214
0.14248627958655657455
0.14244018989439605205
0.14239417464851936157
0.14234823363275728170
0.14230236663184600565
0.14225657343142233957
0.14221085381801870651
0.14216520757905820593
0.14211963450284986754
0.14207413437858376626
0.14202870699632622054
0.14198335214701510165
0.14193806962245505976
0.14189285921531277768
0.14184772071911244673
0.14180265392823102055
0.14175765863789366317
0.14171273464416916932
0.14166788174396541256
0.14162309973502484883
0.14157838841592002010
0.14153374758604916894
0.14148917704563174214
0.14144467659570400531
0.14140024603811476855
0.14135588517552091781
0.14131159381138319597
0.14126737174996192858
0.14122321879631277719
0.14117913475628246500
0.14113511943650461355
0.14109117264439560713
0.14104729418815040165
0.14100348387673850015
0.14095974151989973389
0.14091606692814034885
0.14087245991272884238
0.14082892028569207743
0.14078544785981120246
0.14074204244861776569
0.14069870386638974602
0.14065543192814772278
0.14061222644965087891
0.14056908724739319849
0.14052601413859971968
0.14048300694122264898
0.14044006547393755868
0.14039718955613969542
0.14035437900794023314
0.14031163365016255384
0.14026895330433858389
0.14022633779270510246
0.14018378693820013337
0.14014130056445930905
0.14009887849581231789
0.14005652055727929595
0.14001422657456732979
0.13997199637406684825
0.13992982978284823625
0.13988772662865825436
0.13984568673991665255
0.13980370994571272858
0.13976179607580185849
0.13971994496060219371
0.13967815643119119162
0.13963643031930236815
0.13959476645732188382
0.13955316467828526861
0.13951162481587420228
0.13947014670441312822
0.13942873017886611708
0.13938737507483353606
0.13934608122854894030
0.13930484847687585326
0.13926367665730457479
0.13922256560794907254
0.13918151516754381780
0.13914052517544076015
0.13909959547160610782
0.13905872589661738559
0.13901791629166032616
0.13897716649852584481
0.13893647635960701403
0.13889584571789606593
0.13885527441698150564
0.13881476230104500269
0.13877430921485858772
0.13873391500378165486
0.13869357951375810289
0.13865330259131339319
0.13861308408355177413
0.13857292383815328352
0.13853282170337108403
0.13849277752802852115
0.13845279116151640308
0.13841286245379016973
0.13837299125536714484
0.13833317741732378825
0.13829342079129297582
0.13825372122946125164
0.13821407858456616347
0.13817449270989354271
0.13813496345927489539
0.13809549068708470987
0.13805607424823782003
0.13801671399818676855
0.13797740979291925334
0.13793816148895554630
0.13789896894334585653
0.13785983201366780460
0.13782075055802389674
0.13778172443503902689
0.13774275350385783989
0.13770383762414237228
0.13766497665606949874
0.13762617046032848966
0.13758741889811856862
0.13754872183114644213
0.13751007912162388491
0.13747149063226532517
0.13743295622628548536
0.13739447576739699519
0.13735604911980794918
0.13731767614821968615
0.13727935671782429128
0.13724109069430240337
0.13720287794382082791
0.13716471833303026107
0.13712661172906304152
0.13708855799953079124
0.13705055701252222278
0.13701260863660091882
0.13697471274080300074
0.13693686919463501916
0.13689907786807165024
0.13686133863155355850
0.13682365135598523187
0.13678601591273273352
0.13674843217362167569
0.13671090001093491595
0.13667341929741053108
0.13663598990623967988
0.13659861171106449373
0.13656128458597599495
0.13652400840551193184
0.13648678304465483579
0.13644960837882988414
0.13641248428390287395
0.13637541063617814041
0.13633838731239658615
0.13630141418973368284
0.13626449114579744504
0.13622761805862640405
0.13619079480668766502
0.13615402126887493628
0.13611729732450661423
0.13608062285332375718
0.13604399773548819796
0.13600742185158062880
0.13597089508259865842
0.13593441730995492467
0.13589798841547523489
0.13586160828139665080
0.13582527679036560109
0.13578899382543604957
0.13575275927006766330
0.13571657300812395297
0.13568043492387044102
0.13564434490197282979
0.13560830282749522513
0.13557230858589833233
0.13553636206303767975
0.13550046314516178692
0.13546461171891044373
0.13542880767131296182
0.13539305088978639824
0.13535734126213383455
0.13532167867654262827
0.13528606302158269203
0.13525049418620480046
0.13521497205973889710
0.13517949653189240133
0.13514406749274848751
0.13510868483276444740
0.13507334844277005259
0.13503805821396583364
0.13500281403792149804
0.13496761580657423707
0.13493246341222711604
0.13489735674754751993
0.13486229570556543256
0.13482728017967196554
0.13479231006361763745
0.13475738525151084723
0.13472250563781631993
0.13468767111735352460
0.13465288158529509221
0.13461813693716534468
0.13458343706883862945
0.13454878187653784849
0.13451417125683298726
0.13447960510663956035
0.13444508332321702948
0.13441060580416744341
0.13437617244743380041
0.13434178315129868819
0.13430743781438272966
0.13427313633564316731
0.13423887861437233671
0.13420466455019627872
0.13417049404307326843
0.13413636699329242741
0.13410228330147214160
0.13406824286855884010
0.13403424559582544084
0.13400029138487004610
0.13396638013761441588
0.13393251175630271899
0.13389868614350003417
0.13386490320209101790
0.13383116283527857204
0.13379746494658240064
0.13376380943983776084
0.13373019621919401967
0.13369662518911334947
0.13366309625436939568
0.13362960932004594450
0.13359616429153561845
